diary on
%Соcновец Мария ПОИТ 4
%Присваивание переменной a значение 4
a = 4

a =

     4

%Присваивание переменной b значение 7
b = 7

b =

     7

%Сложение
a + b

ans =

    11

%Умножение
a * b

ans =

    28

%Деление
b / a

ans =

    1.7500

%Вычитание
b - a

ans =

     3

%Возведение в степень
a ^ 2

ans =

    16

%Корень квадратный
sqrt(b)

ans =

    2.6458

%Вычисление натурального логарифма
log(a)

ans =

    1.3863

%Вычисление логарифма по основанию 10
log10(b)

ans =

    0.8451

%Вычисление модуля
abs(-5)

ans =

     5

%Вычисление угла
sin(7 * pi / 3)

ans =

    0.8660

%Отбрасывание дробной части
floor(3.8)

ans =

     3

%Создание вектора-строки
x = [1, 2, 3]

x =

     1     2     3

%Создание вектора-столбца
x = [1; 2; 3]

x =

     1
     2
     3

%Задание матрицы 3х4
A = [1,2,3,4; 5,6,7,8; 9,2,5,4]

A =

     1     2     3     4
     5     6     7     8
     9     2     5     4

%Изменить значение x [1 , 2, 3] на [1, 0, 3]
x(2)=0

x =

     1
     0
     3

%Создание матрицы из нулей 12х5
zeros(12, 5)

ans =

     0     0     0     0     0
     0     0     0     0     0
     0     0     0     0     0
     0     0     0     0     0
     0     0     0     0     0
     0     0     0     0     0
     0     0     0     0     0
     0     0     0     0     0
     0     0     0     0     0
     0     0     0     0     0
     0     0     0     0     0
     0     0     0     0     0

%Создание матрицы из единиц 12х5
ones(12, 5)

ans =

     1     1     1     1     1
     1     1     1     1     1
     1     1     1     1     1
     1     1     1     1     1
     1     1     1     1     1
     1     1     1     1     1
     1     1     1     1     1
     1     1     1     1     1
     1     1     1     1     1
     1     1     1     1     1
     1     1     1     1     1
     1     1     1     1     1

%Единичная матрица 4х4
eye(4)

ans =

     1     0     0     0
     0     1     0     0
     0     0     1     0
     0     0     0     1

%Единичная матрица 12х5
eye(12,5)

ans =

     1     0     0     0     0
     0     1     0     0     0
     0     0     1     0     0
     0     0     0     1     0
     0     0     0     0     1
     0     0     0     0     0
     0     0     0     0     0
     0     0     0     0     0
     0     0     0     0     0
     0     0     0     0     0
     0     0     0     0     0
     0     0     0     0     0

%Вектор из 1004 элементов,где натур.логарифм расстояния между элементами равномерно нарастает от 1.4 до 6.3
logspace(1.4, 6.3, 1004)

ans =

   1.0e+06 *

  Columns 1 through 4

    0.0000    0.0000    0.0000    0.0000

  Columns 5 through 8

    0.0000    0.0000    0.0000    0.0000

  Columns 9 through 12

    0.0000    0.0000    0.0000    0.0000

  Columns 13 through 16

    0.0000    0.0000    0.0000    0.0000

  Columns 17 through 20

    0.0000    0.0000    0.0000    0.0000

  Columns 21 through 24

    0.0000    0.0000    0.0000    0.0000

  Columns 25 through 28

    0.0000    0.0000    0.0000    0.0000

  Columns 29 through 32

    0.0000    0.0000    0.0000    0.0000

  Columns 33 through 36

    0.0000    0.0000    0.0000    0.0000

  Columns 37 through 40

    0.0000    0.0000    0.0000    0.0000

  Columns 41 through 44

    0.0000    0.0000    0.0000    0.0000

  Columns 45 through 48

    0.0000    0.0000    0.0000    0.0000

  Columns 49 through 52

    0.0000    0.0000    0.0000    0.0000

  Columns 53 through 56

    0.0000    0.0000    0.0000    0.0000

  Columns 57 through 60

    0.0000    0.0000    0.0000    0.0000

  Columns 61 through 64

    0.0000    0.0000    0.0001    0.0001

  Columns 65 through 68

    0.0001    0.0001    0.0001    0.0001

  Columns 69 through 72

    0.0001    0.0001    0.0001    0.0001

  Columns 73 through 76

    0.0001    0.0001    0.0001    0.0001

  Columns 77 through 80

    0.0001    0.0001    0.0001    0.0001

  Columns 81 through 84

    0.0001    0.0001    0.0001    0.0001

  Columns 85 through 88

    0.0001    0.0001    0.0001    0.0001

  Columns 89 through 92

    0.0001    0.0001    0.0001    0.0001

  Columns 93 through 96

    0.0001    0.0001    0.0001    0.0001

  Columns 97 through 100

    0.0001    0.0001    0.0001    0.0001

  Columns 101 through 104

    0.0001    0.0001    0.0001    0.0001

  Columns 105 through 108

    0.0001    0.0001    0.0001    0.0001

  Columns 109 through 112

    0.0001    0.0001    0.0001    0.0001

  Columns 113 through 116

    0.0001    0.0001    0.0001    0.0001

  Columns 117 through 120

    0.0001    0.0001    0.0001    0.0001

  Columns 121 through 124

    0.0001    0.0001    0.0001    0.0001

  Columns 125 through 128

    0.0001    0.0001    0.0001    0.0001

  Columns 129 through 132

    0.0001    0.0001    0.0001    0.0001

  Columns 133 through 136

    0.0001    0.0001    0.0001    0.0001

  Columns 137 through 140

    0.0001    0.0001    0.0001    0.0001

  Columns 141 through 144

    0.0001    0.0001    0.0001    0.0001

  Columns 145 through 148

    0.0001    0.0001    0.0001    0.0001

  Columns 149 through 152

    0.0001    0.0001    0.0001    0.0001

  Columns 153 through 156

    0.0001    0.0001    0.0001    0.0001

  Columns 157 through 160

    0.0001    0.0001    0.0001    0.0002

  Columns 161 through 164

    0.0002    0.0002    0.0002    0.0002

  Columns 165 through 168

    0.0002    0.0002    0.0002    0.0002

  Columns 169 through 172

    0.0002    0.0002    0.0002    0.0002

  Columns 173 through 176

    0.0002    0.0002    0.0002    0.0002

  Columns 177 through 180

    0.0002    0.0002    0.0002    0.0002

  Columns 181 through 184

    0.0002    0.0002    0.0002    0.0002

  Columns 185 through 188

    0.0002    0.0002    0.0002    0.0002

  Columns 189 through 192

    0.0002    0.0002    0.0002    0.0002

  Columns 193 through 196

    0.0002    0.0002    0.0002    0.0002

  Columns 197 through 200

    0.0002    0.0002    0.0002    0.0002

  Columns 201 through 204

    0.0002    0.0002    0.0002    0.0002

  Columns 205 through 208

    0.0002    0.0003    0.0003    0.0003

  Columns 209 through 212

    0.0003    0.0003    0.0003    0.0003

  Columns 213 through 216

    0.0003    0.0003    0.0003    0.0003

  Columns 217 through 220

    0.0003    0.0003    0.0003    0.0003

  Columns 221 through 224

    0.0003    0.0003    0.0003    0.0003

  Columns 225 through 228

    0.0003    0.0003    0.0003    0.0003

  Columns 229 through 232

    0.0003    0.0003    0.0003    0.0003

  Columns 233 through 236

    0.0003    0.0003    0.0003    0.0004

  Columns 237 through 240

    0.0004    0.0004    0.0004    0.0004

  Columns 241 through 244

    0.0004    0.0004    0.0004    0.0004

  Columns 245 through 248

    0.0004    0.0004    0.0004    0.0004

  Columns 249 through 252

    0.0004    0.0004    0.0004    0.0004

  Columns 253 through 256

    0.0004    0.0004    0.0004    0.0004

  Columns 257 through 260

    0.0004    0.0005    0.0005    0.0005

  Columns 261 through 264

    0.0005    0.0005    0.0005    0.0005

  Columns 265 through 268

    0.0005    0.0005    0.0005    0.0005

  Columns 269 through 272

    0.0005    0.0005    0.0005    0.0005

  Columns 273 through 276

    0.0005    0.0005    0.0005    0.0006

  Columns 277 through 280

    0.0006    0.0006    0.0006    0.0006

  Columns 281 through 284

    0.0006    0.0006    0.0006    0.0006

  Columns 285 through 288

    0.0006    0.0006    0.0006    0.0006

  Columns 289 through 292

    0.0006    0.0006    0.0007    0.0007

  Columns 293 through 296

    0.0007    0.0007    0.0007    0.0007

  Columns 297 through 300

    0.0007    0.0007    0.0007    0.0007

  Columns 301 through 304

    0.0007    0.0007    0.0008    0.0008

  Columns 305 through 308

    0.0008    0.0008    0.0008    0.0008

  Columns 309 through 312

    0.0008    0.0008    0.0008    0.0008

  Columns 313 through 316

    0.0008    0.0008    0.0009    0.0009

